9
0 71 93 42 6 82 15 16 2 
71 0 69 45 41 86 95 9 7 
93 69 0 15 22 45 55 20 33 
42 45 15 0 60 89 57 90 82 
6 41 22 60 0 26 13 27 71 
82 86 45 89 26 0 50 77 53 
15 95 55 57 13 50 0 18 28 
16 9 20 90 27 77 18 0 29 
2 7 33 82 71 53 28 29 0 
