0 53 55 1 92 39 33 28 58 75 75 91 48
53 0 84 74 11 41 79 14 25 36 51 75 20
55 84 0 64 59 82 81 42 26 97 46 21 12
1 74 64 0 25 94 34 36 20 30 16 4 76
92 11 59 25 0 83 1 82 72 56 57 22 6
39 41 82 94 83 0 89 91 29 27 15 54 55
33 79 81 34 1 89 0 61 96 25 66 99 81
28 14 42 36 82 91 61 0 62 30 21 73 87
58 25 26 20 72 29 96 62 0 77 76 54 78
75 36 97 30 56 27 25 30 77 0 86 86 66
75 51 46 16 57 15 66 21 76 86 0 50 26
91 75 21 4 22 54 99 73 54 86 50 0 74
48 20 12 76 6 55 81 87 78 66 26 74 0